# Midnight Cat LS_COLORS

DIR 38;2;137;180;250
LINK 38;2;148;226;213
SYMLINK 38;2;148;226;213
EXEC 38;2;139;213;160

FIFO 38;2;245;169;127
SOCK 38;2;245;169;127
BLK 38;2;245;169;127
CHR 38;2;245;169;127

ARCHIVE 38;2;245;169;127
*.zip 38;2;245;169;127
*.tar 38;2;245;169;127
*.gz 38;2;245;169;127
*.rar 38;2;245;169;127
*.7z 38;2;245;169;127

IMAGE 38;2;196;181;253
*.png 38;2;196;181;253
*.jpg 38;2;196;181;253
*.jpeg 38;2;196;181;253
*.gif 38;2;196;181;253
*.webp 38;2;196;181;253

VIDEO 38;2;196;181;253
AUDIO 38;2;196;181;253

*.git 38;2;243;139;168
